120
273
409
490
667
703
794
870
913
915
989
1084
1094
1284
1359
1647
1707
2022
2077
2174
2231
2247
2394
3027
3503
3696
3710
4048
4739
5093
5832
6465
10377
11332
12573
13916
14124
15530
16408
16805
20077
23926
24005
27500
28201
28264
28637
30049
30316
31101
31287
31467
31958
32308
32917
33380
34056
34541
34917
35780
36843
37174
37357
37700
37721
37892
37952
39317
39360
39678
40097
40318
40785
41015
41020
41419
41805
42362
42542
43598
43936
45240
45330
45528
46488
46572
46653
48212
48251
48681
49348
50167
51748
52681
52701
52790
54215
57749
58836
59874
60454
61028
62359
62448
62763
64817
66298
69627
69756
69783
71380
75963
76240
78188
79151
80489
80804
82528
82688
83058
84338
85557
85719
89061
89151
90975
93349
93355
93384
93985
94239
94605
95053
97216
98951
103130
104785
105569
107177
115052
117817
119164
119297
119919
123604
125124
126165
126876
127600
132303
133804
136253
137050
137979
138053
140213
140484
141612
149148
150358
151931
153035
153455
153802
159362
160072
160466
162229
169297
169451
170321
172153
173385
175921
176217
178104
180064
181020
182993
184637
184939
186630
188591
190054
