1115.070
844.001
1963.641
2205.545
1857.699
1968.569
1757.835
1389.534
1157.748
1536.306
1838.811
1833.116
1970.203
861.048
1343.475
1654.944
800.772
1162.828
1591.169
1232.753
1279.350
1774.118
1452.223
1709.506
1923.912
1641.151
1358.130
1479.346
1298.686
1133.465
1889.210
2233.963
1542.257
522.685
992.890
1503.513
1712.650
712.294
2176.000
1693.141
1797.039
1639.448
1406.718
2308.889
1281.000
1381.403
1465.644
1666.816
1089.829
1756.997
1502.000
1884.665
1192.056
1707.382
1042.862
843.674
1372.114
1609.967
1693.523
1150.043
984.885
1632.912
1140.628
1122.116
1779.732
2193.821
892.556
2318.858
2056.305
527.678
1139.000
2324.532
1851.755
1493.501
1315.070
1693.419
1661.842
1459.242
2241.538
682.000
2385.753
1404.107
1451.158
1889.924
836.799
1249.079
506.157
1459.093
1216.276
2243.677
2032.537
909.745
1909.200
1718.436
1666.495
1368.910
1692.898
2084.604
685.660
1502.942
1681.302
1361.694
1120.579
1276.976
809.428
2193.552
1679.587
2364.003
695.829
1404.473
913.400
714.058
2510.287
1208.109
1102.236
1114.175
1255.928
1049.112
1853.378
1232.090
1486.501
2172.782
1353.219
1778.154
1202.941
677.104
1400.353
1134.115
1111.041
798.446
1141.481
957.859
1592.373
1365.396
1170.089
2144.140
1335.345
1828.706
1559.243
1350.159
1401.508
1977.056
1274.117
1155.508
1195.051
1937.698
1492.565
1059.096
799.350
811.503
385.720
1114.987
1341.729
1887.791
1531.572
2076.055
1904.992
2030.750
592.871
1183.172
571.193
1204.397
1735.185
452.085
2102.935
840.905
391.857
1118.868
933.125
576.026
802.927
1168.332
1212.851
330.119
1385.029
1515.009
705.389
1159.359
1181.112
1822.245
1918.734
1081.214
2042.325
2243.563
