61
79
120
239
299
301
356
358
361
458
535
667
699
733
773
870
880
883
888
908
913
988
1003
1029
1086
1504
1613
1647
1707
1890
1956
2011
2183
2210
2387
2394
2569
2620
3116
3503
3660
3710
4048
4163
4383
4929
5061
5093
5832
6524
6973
7425
7781
8085
8612
8779
10200
10241
10346
10377
10670
11184
11332
11372
11442
12005
12573
12596
12616
13280
13667
13916
14124
14620
14911
15162
15530
16805
18793
19301
19384
20121
20221
20400
20502
20675
21047
21171
21358
21957
21970
21987
22104
22412
22853
22863
22898
22941
23043
23467
23488
23509
23551
23723
24005
24089
24163
25260
25394
25556
25560
25584
26050
26067
26336
26438
26626
27044
27069
27500
27899
28088
28201
28467
28473
28834
29681
29697
29877
29963
30098
30316
30570
30644
31101
31211
31287
31467
31543
31635
31684
31958
32165
32797
32842
32863
32907
33070
33085
33380
33530
34056
34261
34298
34310
34541
34572
34640
34693
34736
34917
35174
35184
35210
35344
35563
35569
35621
35952
36079
36191
36291
36328
36464
36604
36686
36694
36817
36825
36843
36929
37144
37174
37305
37331
37357
37415
37721
37870
37892
37933
37952
37986
38219
38479
38500
38931
39010
39081
39252
39317
39360
39382
39511
39542
39685
39705
39842
39901
39903
39984
40094
40264
40282
40318
40359
40364
40385
40501
40847
40995
41015
41020
41170
41231
41239
41290
41407
41441
41480
41624
41642
41643
41668
41718
41805
41846
41871
42037
42111
42348
42421
42471
42509
42542
42622
42644
42754
42773
42945
42949
42956
43132
43137
43274
43277
43309
43586
43670
43809
43868
43913
43936
44070
44163
44178
44376
44398
44508
44558
44567
44617
44739
44765
44819
44936
44942
44960
45048
45279
45330
45407
45486
45502
45512
45528
45603
45762
45775
45880
45889
45912
45947
45979
45996
46047
46076
46161
46201
46226
46228
46298
46404
46443
46475
46488
46525
46632
46653
46674
46730
46738
46769
46790
46815
46832
46882
46952
47117
